[Sound]
master=0.400001
effect=0.804000
