[Sound]
master=0.770001
effect=0.504000
