[Sound]
master=0.760001
effect=0.504000
