[Sound]
master=0.800001
effect=0.504000
